 517          03/2013
Latitude   Longitude,   gcm2    minutes
 20.5          30.66667      797.265       0 
 21.39269      34.00743      795.9523      1.304348 
 22.21845      37.38766      794.6404      1.304348 
 22.97361      40.80618      793.327       1.304348 
 23.65469      44.2612       792.014       1.304348 
 24.25845      47.75031      790.7056      1.304348 
 24.78192      51.27047      789.4022      1.304348 
 25.22243      54.81806      788.1         1.304348 
 25.57771      58.38893      786.7963      1.304348 
 25.84587      61.97842      785.4928      1.304348 
 26.02546      65.58153      784.1916      1.304348 
 26.1155       69.19292      782.893       1.304348 
 26.1155       72.80709      781.5964      1.304348 
 26.02546      76.41848      780.3016      1.304348 
 25.84587      80.02158      779.0085      1.304348 
 25.57771      83.61108      777.7175      1.304348 
 25.22243      87.18195      776.4284      1.304348 
 24.78192      90.72954      775.1412      1.304348 
 24.25845      94.24969      773.856       1.304348 
 23.65469      97.7388       772.5727      1.304348 
 22.97361      101.1938      771.2913      1.304348 
 22.21845      104.6124      770.0117      1.304348 
 21.39269      107.9926      768.7339      1.304348 
 20.5          111.3333      767.4587      1.304348 
