 3.980264 total microrem
Lat(-S)       Long(E)       urem/hr       gm/sq cm      dose urem     minutes
 20.5          30.66667      7.458277      797.265       0             0 
 21.39269      34.00743      7.524963      795.9523      .1628613      1.304348 
 22.21845      37.38766      7.590684      794.6404      .1643005      1.304348 
 22.97361      40.80618      7.654995      793.327       .1657139      1.304348 
 23.65469      44.2612       7.717319      792.014       .1670904      1.304348 
 24.25845      47.75031      7.78031       790.7056      .1684525      1.304348 
 24.78192      51.27047      7.838952      789.4022      .1697746      1.304348 
 25.22243      54.81806      7.898967      788.1         .1710644      1.304348 
 25.57771      58.38893      7.957508      786.7963      .172353       1.304348 
 25.84587      61.97842      8.001554      785.4928      .1734681      1.304348 
 26.02546      65.58153      8.032035      784.1916      .1742782      1.304348 
 26.1155       69.19292      8.053756      782.893       .1748456      1.304348 
 26.1155       72.80709      8.066664      781.5964      .175222       1.304348 
 26.02546      76.41848      8.078759      780.3016      .1754938      1.304348 
 25.84587      80.02158      8.094799      779.0085      .1757996      1.304348 
 25.57771      83.61108      8.102543      777.7175      .1760581      1.304348 
 25.22243      87.18195      8.102185      776.4284      .1761384      1.304348 
 24.78192      90.72954      8.103575      775.1412      .1761496      1.304348 
 24.25845      94.24969      8.120267      773.856       .1763461      1.304348 
 23.65469      97.7388       8.131735      772.5727      .1766522      1.304348 
 22.97361      101.1938      8.138152      771.2913      .1768466      1.304348 
 22.21845      104.6124      8.13975       770.0117      .1769337      1.304348 
 21.39269      107.9926      8.151816      768.7339      .1770823      1.304348 
 20.5          111.3333      8.163366      767.4587      .177339       1.304348 
